284;1.132;1.01;1.002;1.135;1.233;1.205;1.083;1.048;1.08;1.017
323;1.22;1.013;1.103;1.153;1.387;1.486;1.095;1.074;1.12;1.021
484;1.482;1.132;1.181;1.267;1.404;1.942;1.314;1.178;1.2;1.148
683;1.567;1.146;1.278;1.457;1.511;1.966;1.324;1.202;1.357;1.298
775;1.645;1.164;1.313;1.494;1.657;2.085;1.334;1.203;1.574;1.37
787;1.708;1.222;1.379;1.745;1.823;2.158;1.478;1.225;1.62;1.412
790;1.808;1.356;1.386;1.783;1.835;2.287;1.607;1.26;1.774;1.586
899;1.836;1.419;1.396;1.859;1.889;2.395;1.644;1.264;1.887;1.788
918;1.836;1.513;1.45;1.874;1.945;2.41;1.793;1.503;1.93;1.829
1179;2.263;1.728;1.519;1.977;1.978;2.447;1.852;1.542;2.006;1.943
1337;2.326;1.728;1.565;2.144;2.088;2.577;1.945;1.621;2.018;2.041
1349;2.464;1.966;1.668;2.178;2.227;2.671;2.006;1.714;2.067;2.048
1526;2.542;2.006;1.735;2.213;2.426;2.742;2.016;1.787;2.303;2.341
1588;2.595;2.52;1.884;2.658;2.528;2.792;2.038;1.866;2.374;2.608
2014;2.639;2.546;2.151;2.705;2.651;2.964;2.041;1.884;2.382;2.921
2097;2.767;2.563;2.172;2.707;2.848;3.219;2.08;1.913;2.413;2.959
2293;2.967;2.645;2.23;2.735;2.874;3.378;2.342;2.099;2.911;3.103
2326;3.022;2.871;2.255;2.809;2.889;3.683;2.388;2.252;2.911;3.169
2538;3.208;2.893;2.293;2.908;2.897;3.71;2.583;2.284;2.932;3.195
2621;3.264;2.925;2.302;3.139;2.899;3.775;2.623;2.34;3.096;3.257
2651;3.302;2.955;2.399;3.185;2.905;3.81;2.658;2.561;3.106;3.314
2688;3.52;3.086;2.579;3.293;2.906;3.811;2.679;2.618;3.167;3.378
2704;3.546;3.091;2.612;3.961;2.931;3.854;2.723;2.708;3.298;3.48
2877;3.619;3.093;2.695;3.996;2.951;4.039;2.907;2.762;3.378;3.546
3009;3.643;3.166;2.711;4.04;3.134;4.052;2.929;2.807;3.403;3.692
3222;3.745;3.236;2.812;4.137;3.23;4.209;3.253;3.227;3.428;3.715
3277;3.88;3.241;2.827;4.696;3.287;4.218;3.326;3.329;3.501;3.863
3322;3.985;3.256;2.9;4.748;3.354;4.356;3.45;3.43;3.529;3.893
3474;4.011;3.263;3.019;4.754;3.42;4.381;3.499;3.773;3.531;4.423
3550;4.012;3.327;3.155;4.876;3.45;4.52;3.594;3.788;3.555;4.501
4093;4.099;3.492;3.226;5.207;3.517;4.575;3.595;4.086;3.564;4.882
4122;4.151;3.559;3.276;5.306;3.541;4.695;3.725;4.127;3.921;4.899
4363;4.333;3.635;3.293;5.465;3.819;4.718;3.732;4.156;3.932;5.063
4430;4.434;3.73;3.376;5.47;3.884;4.752;3.732;4.166;3.987;5.089
4501;4.597;3.804;3.39;5.745;4.001;4.898;3.942;4.215;4.386;5.273
4524;4.673;3.836;3.445;5.772;4.062;4.929;3.993;4.265;4.548;5.502
4763;4.83;3.999;3.587;5.964;4.069;5.017;4.002;4.295;4.607;5.515
4790;5.022;4.016;3.601;5.977;4.157;5.199;4.297;4.327;4.652;5.675
4900;5.033;4.045;3.843;6.008;4.242;5.383;4.392;4.369;4.662;5.744
4927;5.187;4.254;3.939;6.024;4.452;5.402;4.423;4.433;4.734;5.755
4990;5.456;4.406;3.943;6.032;4.657;5.511;4.427;4.439;4.884;6.085
5034;5.482;4.456;3.962;6.099;4.679;5.516;4.491;4.575;5.037;6.099
5120;5.626;4.551;3.975;6.11;4.757;5.527;4.59;4.716;5.073;6.303
5220;5.628;4.613;4.05;6.177;5.002;5.623;4.802;4.856;5.236;6.316
5391;5.693;4.697;4.106;6.502;5.261;5.888;4.814;4.99;5.292;6.324
5531;5.922;4.794;4.322;6.55;5.397;6.016;4.836;5.096;5.293;6.396
5718;5.955;4.944;4.414;6.65;5.404;6.213;4.882;5.147;5.497;6.73
5847;6.01;4.989;4.683;6.668;5.414;6.509;4.926;5.246;5.64;6.732
5994;6.138;5.148;4.692;6.862;5.456;6.564;4.988;5.262;5.698;6.824
6096;6.254;5.181;4.857;6.916;5.647;6.684;4.997;5.284;5.715;7.022
6186;6.343;5.188;4.952;6.919;5.986;6.802;5.202;5.438;5.882;7.053
6202;6.513;5.364;5.042;6.983;6.004;7.268;5.396;5.674;5.922;7.328
6782;6.712;5.427;5.163;7.066;6.008;7.339;5.416;5.752;6.32;7.351
6875;6.783;5.717;5.17;7.163;6.08;7.403;5.883;5.757;6.609;7.369
6936;7.102;5.732;5.175;7.248;6.211;7.403;5.911;5.771;6.781;7.416
7191;7.343;5.755;5.352;7.361;6.253;7.644;5.99;5.898;6.789;7.663
7218;7.463;5.807;5.373;7.544;6.307;7.674;6.225;5.936;6.82;7.718
7352;7.592;5.904;5.429;7.548;6.373;8.096;6.366;5.95;6.879;7.877
7520;7.802;6.072;5.504;7.708;6.409;8.099;6.389;6.047;6.923;8.263
7701;7.826;6.09;5.548;7.921;6.419;8.107;6.593;6.216;7.068;8.332
7727;7.876;6.122;5.57;7.944;6.526;8.3;6.731;6.275;7.073;8.423
7754;7.939;6.45;5.588;7.972;6.539;8.304;6.738;6.373;7.171;8.625
7882;7.981;6.482;5.667;8.057;6.601;8.367;6.998;6.51;7.433;8.746
8126;8.143;6.519;5.706;8.134;6.683;8.485;7.231;6.524;7.553;8.811
8302;8.212;6.548;5.749;8.139;6.86;8.534;7.253;6.571;7.674;8.964
8563;8.262;6.562;5.803;8.219;7.012;8.536;7.273;6.658;7.754;9.015
8615;8.338;6.766;5.837;8.222;7.187;8.631;7.409;6.813;8.148;9.207
8700;8.349;6.907;5.882;8.243;8.061;8.648;7.41;6.99;8.266;9.312
8719;8.438;7.125;5.896;8.426;8.157;8.696;7.497;7.191;8.286;9.331
8739;8.525;7.283;5.899;8.454;8.47;8.699;7.556;7.234;8.411;9.364
9025;8.578;7.423;5.943;8.506;8.488;8.842;7.677;7.289;8.546;9.424
9248;8.664;7.533;5.995;8.606;8.76;8.847;7.705;7.356;8.548;9.496
9324;8.686;7.585;6.016;8.673;8.771;8.937;7.936;7.363;8.624;9.527
9732;8.695;7.719;6.044;8.744;8.891;9.003;7.942;7.403;8.972;9.572
9821;8.72;7.723;6.13;8.745;9.045;9.016;7.992;7.493;8.994;9.719
10394;8.759;7.935;6.392;8.782;9.059;9.029;8.306;7.518;9.054;9.732
10464;8.796;7.95;6.433;8.829;9.213;9.058;8.316;7.726;9.487;9.773
10574;8.832;8.023;6.435;8.964;9.26;9.079;8.318;7.98;9.522;9.85
10778;8.85;8.185;6.506;9.325;9.339;9.117;8.465;8.035;9.547;9.95
10781;8.902;8.198;6.511;9.36;9.386;9.3;8.642;8.158;9.617;9.96
10786;8.905;8.316;6.674;9.409;9.498;9.709;8.767;8.421;9.627;10.102
10806;8.954;8.566;6.758;9.434;9.594;9.73;8.945;8.468;9.671;10.158
10921;8.997;8.593;7.044;9.589;9.683;9.881;8.964;8.595;9.678;10.266
11001;9.062;8.942;7.089;9.62;9.702;9.939;9.192;8.694;9.793;10.295
11041;9.227;9.084;7.152;9.743;9.763;10.014;9.224;8.783;9.798;10.339
11148;9.239;9.16;7.419;9.782;9.842;10.185;9.285;8.813;10.074;10.428
11208;9.316;9.218;7.618;9.792;9.966;10.484;9.497;8.819;10.117;10.501
11426;9.344;9.327;7.66;9.877;9.992;10.859;9.53;9.111;10.255;10.587
11695;9.405;9.347;7.763;9.893;10.044;10.952;9.745;9.387;10.267;10.649
11755;9.458;9.358;7.834;9.908;10.086;11.032;9.832;9.529;10.284;10.703
12068;9.468;9.561;7.888;10.206;10.123;11.132;9.881;9.589;10.326;10.756
12102;9.483;9.565;7.893;10.299;10.194;11.159;10.07;9.686;10.45;10.806
12165;9.494;9.651;7.897;10.412;10.444;11.263;10.305;9.893;10.538;10.954
12168;9.572;9.877;7.899;10.417;10.48;11.284;10.515;9.938;10.604;11.002
12171;9.781;9.974;8.106;10.427;10.589;11.392;10.523;9.947;10.736;11.029
12217;9.821;10.16;8.277;10.446;10.633;11.394;10.59;10.115;10.865;11.072
12391;9.848;10.312;8.349;10.549;10.994;11.406;10.901;10.188;10.88;11.207
12393;9.884;10.322;8.361;10.716;11.062;11.413;10.952;10.294;10.957;11.288
12456;9.918;10.373;8.417;10.814;11.064;11.46;10.969;10.333;10.998;11.464
12854;9.991;10.765;8.698;10.903;11.171;11.505;11.322;10.688;11.145;11.503
13137;10.026;10.843;8.73;10.971;11.315;11.587;11.353;10.774;11.295;11.601
13166;10.03;10.992;8.77;11.029;11.329;11.616;11.547;10.804;11.347;11.645
13179;10.28;11.028;8.804;11.051;11.357;11.622;11.57;10.832;11.546;11.737
13277;10.337;11.031;8.912;11.083;11.599;11.675;11.863;10.911;11.555;11.948
13374;10.382;11.035;9.108;11.248;11.728;11.733;11.968;10.916;11.587;12.135
13590;10.396;11.175;9.157;11.275;11.927;11.823;12.099;10.95;11.621;12.285
13829;10.427;11.238;9.158;11.526;11.938;11.831;12.213;11.003;11.706;12.369
13979;10.525;11.348;9.368;11.859;12.009;11.855;12.226;11.211;11.772;12.467
14002;10.732;11.45;9.391;11.866;12.055;11.9;12.289;11.251;11.778;12.504
14069;11.001;11.47;9.398;12.065;12.099;11.943;12.364;11.27;11.969;12.533
14077;11.004;11.471;9.433;12.229;12.251;12.15;12.371;11.396;11.983;12.65
14154;11.163;11.593;9.62;12.259;12.415;12.199;12.627;11.478;12.088;12.771
14183;11.444;11.69;9.62;12.318;12.421;12.249;12.632;11.484;12.182;12.835
14209;11.49;11.953;9.662;12.419;12.514;12.316;12.649;11.734;12.269;13.041
14288;11.542;12.095;9.669;12.719;12.599;12.318;12.65;11.777;12.648;13.042
14387;11.675;12.369;9.71;12.868;12.614;12.331;12.653;11.884;12.74;13.197
14645;11.69;12.428;9.725;12.919;12.66;12.392;12.697;11.903;12.824;13.212
14683;11.694;13.115;9.873;12.97;12.683;12.533;12.7;11.904;12.876;13.529
14931;11.732;13.348;10.091;12.98;12.765;12.616;12.89;11.982;12.894;13.589
15004;11.839;13.4;10.467;13.392;12.82;12.676;12.917;12.001;13.016;13.655
15066;11.943;13.419;10.598;13.565;12.922;12.877;13.09;12.03;13.023;13.715
15097;12.229;13.743;10.651;13.766;12.971;12.942;13.115;12.124;13.133;13.802
15282;12.276;13.939;11.09;13.848;12.987;12.978;13.48;12.261;13.211;13.946
15476;12.372;14.026;11.232;13.86;13.227;13.074;13.892;12.539;13.248;13.959
15552;12.413;14.158;11.343;13.918;13.269;13.113;13.902;12.85;13.471;14.011
15695;12.556;14.25;11.509;13.979;13.443;13.135;14.066;13.103;13.591;14.101
15701;12.561;14.332;11.524;14.14;13.463;13.354;14.118;13.132;13.821;14.19
15766;12.562;14.433;11.772;14.181;13.523;13.433;14.119;13.164;13.861;14.226
15967;12.564;14.436;11.823;14.213;13.693;13.556;14.23;13.255;13.877;14.27
16052;12.585;14.59;11.839;14.271;13.693;13.582;14.359;13.262;14.16;14.308
16145;12.987;14.684;12.181;14.285;13.966;13.729;14.585;13.278;14.252;14.425
16267;13.046;14.709;12.219;14.337;14.017;13.737;15.002;13.279;14.49;14.603
16322;13.108;14.89;12.334;14.347;14.073;13.798;15.147;13.34;14.571;14.665
16352;13.415;14.896;12.352;14.416;14.262;13.834;15.502;13.39;14.693;14.708
16416;13.447;15.016;12.376;14.474;14.367;13.847;15.529;13.395;14.75;14.745
16605;13.509;15.054;12.435;14.615;14.48;13.999;15.572;13.652;14.785;14.829
16654;13.698;15.102;12.517;14.632;14.627;14.007;15.623;13.815;14.796;14.868
16677;13.713;15.16;12.545;14.711;14.681;14.522;15.764;14.339;14.905;14.96
16776;13.733;15.298;12.755;14.803;14.769;14.651;15.8;14.401;15.099;14.988
16836;13.867;15.314;12.871;14.824;14.821;14.699;15.811;14.509;15.259;14.995
17253;13.893;15.335;12.968;14.83;14.838;14.935;15.891;14.518;15.409;15.01
17361;13.907;15.431;13.53;15.41;14.845;14.937;15.904;14.652;15.551;15.088
17383;13.939;15.552;13.533;15.448;14.965;15.22;15.917;14.742;15.8;15.097
17833;13.959;15.564;13.547;15.533;15.081;15.423;16.065;14.76;15.827;15.108
17836;13.976;15.717;13.629;15.539;15.103;15.535;16.092;14.777;15.915;15.271
17991;14.025;15.839;13.649;15.579;15.103;15.594;16.111;14.846;16.086;15.275
18202;14.052;15.908;13.709;15.854;15.205;15.664;16.272;14.988;16.2;15.482
18289;14.057;15.958;13.917;16.198;15.249;15.851;16.286;15.102;16.227;15.73
18322;14.113;16.16;13.969;16.242;15.295;15.938;16.352;15.231;16.252;15.794
18357;14.372;16.639;14.085;16.437;15.374;15.971;16.425;15.365;16.301;15.821
18579;14.479;16.885;14.201;16.51;15.447;16.011;16.426;15.444;16.343;15.917
18884;14.511;16.898;14.237;16.522;15.757;16.074;16.53;15.656;16.345;15.982
18943;14.523;16.981;14.322;16.609;15.853;16.359;16.659;15.664;16.5;15.993
18963;14.561;17.031;14.45;16.655;16.067;16.475;16.765;15.753;16.503;16.172
19126;14.585;17.209;14.554;16.74;16.083;16.678;16.767;15.839;16.545;16.317
19307;14.613;17.255;15.212;16.876;16.169;16.733;17.018;16.115;16.631;16.773
19313;14.848;17.27;15.44;16.89;16.274;16.833;17.216;16.136;16.758;16.802
19565;14.923;17.335;15.455;16.934;16.361;16.894;17.291;16.211;17.003;16.85
19727;14.959;17.35;15.51;17.131;16.393;16.93;17.423;16.215;17.024;16.973
19826;15.075;17.388;15.557;17.159;16.534;16.949;17.437;16.282;17.115;17.034
20325;15.101;17.462;15.606;17.201;16.607;17.022;17.457;16.498;17.131;17.173
20451;15.122;17.583;15.673;17.209;16.668;17.193;17.547;16.547;17.171;17.293
20516;15.383;17.72;15.687;17.31;16.698;17.259;17.769;16.567;17.428;17.449
20545;15.426;17.787;15.705;17.383;16.782;17.56;17.843;17.095;17.43;17.457
20598;15.449;17.917;15.712;17.398;16.92;17.619;17.953;17.117;17.579;17.66
21062;15.571;17.991;15.902;17.593;17.055;17.634;17.967;17.131;17.639;17.914
21336;15.782;18.043;15.931;17.593;17.33;17.751;17.979;17.244;17.653;17.935
21471;15.815;18.079;16.175;17.727;17.371;17.773;18.241;17.256;17.655;18.072
21526;16.318;18.09;16.242;17.766;17.454;18.031;18.332;17.36;17.772;18.102
21629;16.376;18.099;16.311;17.913;17.51;18.168;18.339;17.491;17.835;18.405
21693;16.382;18.148;16.512;18.211;17.659;18.248;18.35;17.506;18.257;18.568
21777;16.416;18.225;16.853;18.248;17.819;18.489;18.355;17.574;18.277;18.6
21853;16.545;18.305;16.87;18.447;17.987;18.612;18.508;17.653;18.309;18.731
22173;16.581;18.548;16.877;18.592;18.147;18.648;18.561;17.72;18.471;19.063
22201;16.642;18.652;17.18;18.751;18.303;18.71;18.886;17.873;18.52;19.205
22221;16.654;18.743;17.185;18.776;18.409;18.722;19.108;17.92;18.791;19.592
22280;16.689;18.845;17.21;18.806;18.442;19.07;19.202;18.036;18.848;19.666
22376;16.731;18.898;17.258;19.012;18.452;19.145;19.259;18.401;18.918;19.889
22422;16.799;18.976;17.307;19.072;18.466;19.216;19.26;18.476;18.947;19.976
22462;16.808;19.063;17.429;19.222;18.488;19.364;19.38;18.868;19.035;20.098
22465;16.852;19.169;17.775;19.31;18.52;19.627;19.453;19.065;19.068;20.123
22738;16.945;19.194;17.78;19.461;18.566;19.735;20.092;19.115;19.129;20.508
22869;16.984;19.206;18.014;19.518;18.624;19.744;20.284;19.167;19.13;20.62
22955;17.025;19.261;18.064;19.573;18.67;19.758;20.366;19.399;19.297;20.656
23215;17.054;19.327;18.182;19.604;18.829;19.767;20.637;19.475;19.367;20.732
23221;17.189;19.346;18.242;19.655;19.127;19.77;20.725;19.493;19.471;20.964
23299;17.205;19.348;18.295;19.723;19.17;19.824;20.766;19.5;19.675;21.157
23517;17.272;19.516;18.41;19.78;19.263;19.846;20.785;19.557;19.772;21.442
23744;17.315;19.562;18.433;19.781;19.524;20.054;21.156;19.591;19.806;21.449
23795;17.399;19.677;18.533;19.814;19.585;20.069;21.331;19.623;19.836;21.519
24180;17.516;19.776;18.616;20.01;19.596;20.166;21.488;19.653;19.876;21.788
24424;17.533;19.84;18.725;20.094;19.674;20.178;21.489;19.817;20.053;21.791
24496;17.681;19.925;18.749;20.204;19.69;20.391;21.504;19.829;20.151;21.827
24679;17.783;19.926;18.893;20.315;19.697;20.49;21.639;20.007;20.155;21.937
24719;17.878;20.016;18.945;20.33;19.823;20.594;21.697;20.033;20.457;22.093
24759;18.066;20.033;18.949;20.358;19.854;20.62;21.801;20.064;20.636;22.195
24777;18.144;20.06;18.98;20.379;19.86;20.627;22.16;20.077;20.925;22.262
24813;18.373;20.076;19.117;20.452;19.899;20.67;22.186;20.087;20.957;22.283
24814;18.707;20.186;19.18;20.512;19.977;20.682;22.289;20.109;20.986;22.291
24903;19.157;20.335;19.274;20.621;20.029;20.693;22.37;20.151;21.152;22.462
25083;19.233;20.408;19.498;20.78;20.076;20.712;22.478;20.204;21.154;22.476
25145;19.275;20.41;19.557;20.852;20.641;20.877;22.596;20.238;21.172;22.519
25417;19.304;20.812;19.601;20.872;20.66;20.935;22.607;20.267;21.306;22.532
25512;19.315;20.907;19.68;21.017;20.727;20.944;23.003;20.272;21.73;22.774
25529;19.397;20.963;19.834;21.484;20.862;21.098;23.026;20.374;22.015;22.784
25540;19.429;20.971;19.924;21.699;20.889;21.183;23.083;20.454;22.21;22.824
25632;19.553;21.14;20.128;21.736;20.919;21.309;23.159;20.496;22.243;22.916
25717;19.566;21.299;20.44;21.887;21.157;21.34;23.206;20.606;22.839;23.055
25820;19.783;21.518;20.493;22.001;21.301;21.342;23.386;20.693;22.954;23.195
25902;19.819;21.58;20.499;22.156;21.305;21.346;23.425;20.708;22.977;23.248
25959;19.831;21.685;20.505;22.173;21.417;21.579;23.571;20.751;23.055;23.289
26046;19.904;21.722;20.586;22.295;21.442;21.683;23.6;20.759;23.093;23.37
26277;19.92;21.836;20.691;22.651;21.761;21.753;23.64;21.236;23.135;23.459
26562;20.005;21.951;20.7;22.659;21.765;21.906;23.652;21.238;23.235;23.701
26743;20.059;22.29;20.743;22.716;21.787;22.193;23.999;21.401;23.305;23.709
26830;20.089;22.351;20.812;22.804;21.798;22.325;24.307;21.41;23.71;23.772
26953;20.101;22.538;20.84;22.938;22.091;22.359;24.346;21.486;23.747;23.963
27270;20.216;22.551;20.938;22.948;22.159;22.404;24.439;21.713;23.8;24.366
27285;20.3;22.581;21.116;23.196;22.394;22.489;24.505;21.714;24.051;24.4
27376;20.311;22.658;21.119;23.27;22.539;22.543;24.633;22.016;24.155;24.4
27574;20.339;22.694;21.307;23.328;22.68;22.809;24.634;22.021;24.164;24.616
27698;20.421;22.775;21.322;23.355;22.695;22.829;24.647;22.119;24.263;24.749
27848;20.523;22.863;21.424;23.393;22.944;22.878;24.686;22.466;24.336;24.89
28135;20.566;22.919;21.663;23.573;23.049;22.898;24.697;22.975;24.341;24.939
28171;20.906;22.992;21.678;23.772;23.173;23.187;24.699;23.124;24.397;24.997
28406;20.906;23.044;22.056;23.783;23.216;23.275;24.752;23.137;24.581;25.104
28617;21.149;23.094;22.19;23.99;23.331;23.532;25.173;23.152;24.583;25.176
28697;21.197;23.124;22.255;24.081;23.501;23.658;25.179;23.294;24.737;25.187
28733;21.369;23.184;22.33;24.163;23.748;23.721;25.308;23.406;24.784;25.358
28791;21.421;23.213;22.389;24.267;24.031;23.985;25.31;23.468;24.794;25.397
29185;21.447;23.47;22.437;24.268;24.033;23.999;25.494;23.662;24.844;25.584
29209;21.533;23.539;22.456;24.365;24.188;24.005;25.556;23.679;24.938;25.687
29479;21.555;23.685;22.503;24.611;24.312;24.018;25.566;23.689;25.179;25.726
29578;21.617;23.722;22.58;24.744;24.353;24.05;25.619;23.788;25.328;25.949
29736;21.879;23.912;22.625;24.93;24.584;24.114;25.724;23.819;25.352;25.965
29737;21.949;23.948;22.776;24.952;24.685;24.122;25.753;23.884;25.385;26.139
29814;21.994;24.143;22.78;24.974;24.808;24.156;25.796;24.046;25.47;26.283
29838;22.08;24.282;22.984;25.005;24.817;24.18;25.827;24.059;25.607;26.431
29922;22.104;24.481;23.041;25.19;24.837;24.208;25.919;24.191;25.657;26.572
30087;22.12;24.558;23.158;25.249;24.921;24.208;25.963;24.244;25.699;26.863
30251;22.243;24.634;23.225;25.26;24.964;24.228;26.185;24.379;25.718;26.885
30266;22.301;24.64;23.291;25.428;25;24.321;26.521;24.55;25.833;26.943
30547;22.306;24.671;23.312;25.47;25.015;24.422;26.55;24.61;25.871;26.996
30648;22.315;24.756;23.339;25.644;25.065;24.565;26.614;24.705;25.905;27.071
30831;22.618;24.79;23.387;25.666;25.144;24.643;26.625;24.708;25.913;27.213
31042;22.671;24.792;23.45;25.761;25.165;24.644;26.685;25.106;25.93;27.558
31058;22.702;24.841;23.459;25.882;25.574;24.684;26.865;25.199;25.973;27.576
31087;22.803;25.04;23.567;25.945;25.578;24.86;26.888;25.562;26.183;27.663
31145;22.822;25.081;23.578;26.037;25.618;24.977;26.953;25.601;26.197;27.743
31168;22.859;25.094;23.65;26.056;25.726;25.098;27.005;25.616;26.346;27.765
31228;22.971;25.125;23.683;26.058;25.737;25.316;27.046;25.643;26.385;27.824
31299;22.972;25.139;23.685;26.149;25.875;25.399;27.08;25.67;26.459;27.869
31320;23.018;25.144;23.753;26.311;25.961;25.474;27.08;25.709;26.529;27.966
31376;23.071;25.171;23.877;26.479;26.025;25.583;27.197;25.801;26.641;28.032
31559;23.153;25.193;24.037;26.64;26.028;25.586;27.263;25.802;26.797;28.09
31616;23.351;25.248;24.187;26.687;26.098;25.588;27.316;25.893;26.867;28.241
31755;23.367;25.253;24.25;26.801;26.107;25.657;27.326;25.932;27.098;28.356
31805;23.418;25.387;24.301;26.818;26.445;25.798;27.364;26.166;27.242;28.551
31864;23.844;25.622;24.379;27.317;26.473;25.827;27.396;26.185;27.289;28.602
31982;23.85;25.751;24.697;27.519;26.564;26.134;27.671;26.443;27.364;28.741
32078;23.969;25.818;24.846;27.68;26.677;26.235;27.671;26.454;27.408;28.854
32107;23.977;25.924;24.911;27.698;26.726;26.482;27.892;26.485;27.443;28.934
32299;23.989;25.941;25.14;27.768;26.884;26.655;27.905;26.486;27.454;29.076
32307;24.03;26.008;25.293;27.959;26.886;26.658;27.926;26.505;27.472;29.13
32309;24.043;26.016;25.297;27.984;26.916;26.661;28.154;26.668;27.478;29.19
32334;24.076;26.091;25.323;28.01;26.916;26.664;28.227;26.71;27.497;29.204
32448;24.204;26.228;25.652;28.012;26.924;26.797;28.258;26.822;27.659;29.231
32652;24.295;26.308;25.988;28.046;26.944;26.858;28.359;26.898;27.681;29.266
32716;24.295;26.362;26.053;28.079;27.175;26.899;28.774;27.047;27.721;29.733
32811;24.437;26.384;26.071;28.1;27.183;26.917;29.042;27.109;27.805;29.769
32875;24.517;26.425;26.085;28.121;27.202;27.036;29.482;27.113;27.852;29.771
33147;24.818;26.447;26.14;28.126;27.268;27.227;29.491;27.247;27.944;29.861
33185;24.867;26.448;26.174;28.177;27.269;27.307;29.731;27.276;27.972;29.974
33460;24.98;26.473;26.219;28.18;27.282;27.558;29.756;27.297;28.019;30.013
33548;25.008;26.474;26.326;28.19;27.3;27.659;29.844;27.369;28.136;30.114
33651;25.035;26.489;26.334;28.292;27.362;27.711;30.047;27.521;28.271;30.231
33854;25.106;26.708;26.334;28.32;27.418;27.777;30.172;27.642;28.667;30.354
33872;25.208;26.977;26.645;28.35;27.487;27.947;30.461;27.657;28.678;30.407
33966;25.316;27.023;26.803;28.372;27.49;27.977;30.723;27.824;29.131;30.607
33982;25.375;27.146;26.995;28.574;27.812;27.985;30.84;27.935;29.132;30.653
34103;25.396;27.268;27.069;28.737;28.051;28.224;30.925;27.954;29.138;30.702
34151;25.526;27.335;27.135;28.817;28.095;28.441;30.946;27.989;29.223;30.949
34535;25.539;27.604;27.338;28.837;28.183;28.648;31.095;28.162;29.431;30.96
34804;25.542;27.637;27.351;28.887;28.273;28.657;31.097;28.29;29.716;31.039
34955;25.609;27.639;27.558;28.913;28.525;28.725;31.386;28.597;29.911;31.112
35098;25.633;27.832;27.572;29.091;28.725;28.832;31.604;28.727;29.947;31.144
35185;25.854;27.875;27.674;29.159;28.755;28.942;31.612;28.745;29.976;31.185
35223;25.967;27.88;27.702;29.279;28.79;29.022;31.67;28.788;29.978;31.342
35345;26.059;28.055;28.172;29.319;28.8;29.145;31.765;28.808;30.279;31.386
35719;26.301;28.058;28.218;29.354;28.978;29.208;31.795;28.978;30.284;31.412
35945;26.364;28.142;28.506;29.435;28.984;29.231;31.829;29.193;30.323;31.441
35996;26.609;28.199;28.621;29.468;29.017;29.648;31.962;29.25;30.363;31.687
36023;26.699;28.358;28.635;29.601;29.067;29.752;32.062;29.278;30.392;31.697
36115;26.799;28.405;28.656;29.669;29.122;29.831;32.279;29.294;30.509;31.796
36273;26.807;28.763;28.744;29.679;29.192;29.931;32.433;29.327;30.864;31.956
36319;26.868;28.885;29.31;29.863;29.227;30.09;32.609;29.369;31.108;32.153
36388;26.886;28.989;29.396;30.052;29.304;30.093;32.616;29.471;31.28;32.162
36610;26.947;29.074;29.91;30.066;29.31;30.301;32.717;29.59;31.527;32.281
36618;26.978;29.077;30.018;30.108;29.354;30.326;32.863;29.606;31.851;32.807
36676;26.986;29.256;30.062;30.285;29.594;30.354;33.449;30.243;31.896;32.92
36774;27.05;29.307;30.518;30.3;30;30.625;33.507;30.278;31.903;33.07
36810;27.102;29.353;30.52;30.525;30.011;30.736;33.51;30.337;31.971;33.084
36900;27.211;29.358;30.642;30.595;30.016;30.785;33.663;30.429;32.086;33.331
37183;27.324;29.442;30.672;30.64;30.057;30.873;33.804;30.462;32.112;33.399
37259;27.399;30.01;30.873;30.897;30.162;30.936;33.873;30.501;32.432;33.426
37316;27.51;30.02;30.901;31.03;30.221;31.096;33.926;31.021;32.637;33.524
37522;27.521;30.073;30.913;31.09;30.366;31.111;34.05;31.045;32.644;33.56
37829;27.602;30.164;31.023;31.098;30.371;31.15;34.087;31.197;32.828;33.78
38150;27.921;30.19;31.025;31.751;30.379;31.412;34.112;31.31;33.025;33.84
38325;27.997;30.2;31.091;31.865;30.453;31.525;34.123;31.495;33.615;33.944
38646;28.078;30.229;31.099;32.334;30.573;31.555;34.124;31.639;33.764;33.952
38878;28.154;30.251;31.215;32.337;30.593;31.611;34.312;31.673;33.82;34.02
39078;28.246;30.296;31.556;32.417;30.779;32.117;34.332;31.999;33.845;34.062
39153;28.308;30.553;31.918;32.798;30.973;32.204;34.432;32.257;33.935;34.078
39266;28.381;30.597;31.989;32.997;31.26;32.594;34.485;32.399;34.012;34.313
39432;28.547;30.821;32.127;33.17;31.337;32.915;34.638;32.504;34.063;34.313
39945;28.554;30.898;32.141;33.198;31.439;32.963;34.703;32.566;34.077;34.352
40209;28.707;30.913;32.169;33.295;31.583;33.065;34.772;32.688;34.115;34.357
40311;28.797;30.983;32.924;33.361;31.605;33.114;34.971;32.839;34.252;34.359
40422;28.813;31.159;32.956;33.413;31.711;33.18;35.071;32.987;34.566;34.433
40451;28.821;31.171;32.96;33.44;31.739;33.241;35.38;33.031;34.57;34.437
40843;28.918;31.223;33.051;33.626;31.743;33.479;35.458;33.129;34.581;34.467
40912;29.062;31.236;33.245;34.034;31.854;33.558;35.491;33.148;34.657;34.484
40936;29.165;31.327;33.338;34.096;31.891;33.874;35.713;33.247;34.657;34.757
40973;29.276;31.365;33.345;34.516;32.08;33.896;35.76;33.266;34.689;34.937
41022;29.287;31.396;33.416;34.585;32.271;33.997;35.769;33.557;34.968;35.089
41053;29.605;31.469;33.498;34.606;32.301;34.304;36.087;33.57;35.159;35.252
41210;29.674;31.663;33.619;34.654;32.347;34.378;36.152;33.643;35.173;35.411
41326;29.782;31.675;33.701;34.714;32.414;34.387;36.227;33.928;35.192;35.732
41363;29.84;31.898;33.978;34.909;32.5;34.604;36.34;33.938;35.745;35.77
41430;29.871;31.908;34.18;34.912;32.537;34.67;36.522;34.063;35.812;35.961
41497;29.923;31.94;34.233;34.937;32.616;34.691;36.552;34.098;35.849;35.974
41625;30.135;31.954;34.294;35.045;32.752;34.863;36.594;34.205;35.852;36.101
41673;30.265;32.017;34.306;35.102;32.877;34.897;36.679;34.521;35.862;36.119
41896;30.342;32.119;34.448;35.201;32.912;34.901;36.753;34.667;36.007;36.269
42075;30.512;32.265;34.506;35.379;32.914;35.004;36.799;34.924;36.126;36.278
42096;30.551;32.439;34.506;35.453;33.191;35.116;36.908;34.928;36.228;36.302
42208;30.58;32.674;34.582;35.514;33.221;35.117;36.913;35.042;36.245;36.421
42405;30.654;32.677;34.662;35.516;33.292;35.262;36.99;35.107;36.275;36.492
42436;30.711;32.706;34.684;35.73;33.321;35.452;37.169;35.167;36.553;36.622
42688;30.837;32.76;34.717;35.994;33.472;35.561;37.206;35.173;36.66;36.819
42835;30.954;32.82;34.781;36.184;33.507;35.74;37.305;35.214;36.759;36.829
42873;31.175;32.921;35.104;36.36;33.52;35.764;37.529;35.26;36.775;36.928
42887;31.363;32.934;35.129;36.479;33.604;35.863;37.582;35.264;36.786;36.931
42946;31.448;33.124;35.396;36.502;33.631;35.867;37.81;35.46;36.942;37.06
43162;31.799;33.164;35.413;36.538;33.692;35.916;37.815;35.613;36.982;37.074
43214;31.997;33.185;35.47;36.634;33.774;36.113;38.134;35.839;37.016;37.182
43255;32.078;33.239;35.733;36.681;33.855;36.256;38.157;35.89;37.026;37.219
43308;32.516;33.467;35.96;36.686;33.895;36.351;38.366;36.042;37.144;37.224
43486;32.613;33.509;35.983;36.855;34.398;36.362;38.426;36.069;37.21;37.27
43488;33.194;33.898;36.314;36.931;34.441;36.388;38.494;36.116;37.265;37.283
43606;33.215;34.003;36.587;37.015;34.466;36.43;38.556;36.203;37.407;37.412
43718;33.335;34.074;36.72;37.126;34.55;36.595;38.692;36.469;37.456;37.473
43817;33.344;34.256;36.776;37.131;34.614;36.709;38.694;36.564;37.563;37.528
43938;33.392;34.305;36.853;37.14;34.728;36.731;38.805;36.604;37.757;37.534
43987;33.455;34.365;36.941;37.377;34.775;36.753;38.939;36.611;37.769;37.645
44097;33.541;34.49;37.029;37.458;34.801;36.814;39.13;36.612;37.771;37.718
44112;33.579;34.721;37.035;37.597;34.822;36.821;39.208;36.647;37.848;37.726
44463;33.619;35;37.042;37.694;35.044;36.979;39.275;36.764;37.854;37.742
44518;33.712;35.076;37.14;37.732;35.232;36.984;39.304;36.839;37.887;37.815
44624;33.838;35.095;37.173;37.906;35.504;37.252;39.513;36.892;37.963;37.95
44820;33.856;35.096;37.191;38.142;35.653;37.489;39.55;36.962;37.97;37.955
44908;33.936;35.123;37.232;38.299;35.704;37.674;39.963;37.03;38.083;38.164
45181;34.001;35.204;37.252;38.436;35.829;37.745;40.131;37.092;38.308;38.179
45185;34.091;35.259;37.313;38.56;35.859;37.77;40.241;37.157;38.359;38.181
45253;34.114;35.362;37.367;38.763;35.895;37.896;40.276;37.217;38.387;38.323
45293;34.498;35.457;37.391;38.889;35.917;38.195;40.466;37.221;38.438;38.692
45685;34.534;35.499;37.399;38.923;35.973;38.215;40.501;37.342;38.484;38.77
45705;34.578;35.713;37.634;39.024;36.038;38.241;40.604;37.481;38.537;38.805
45795;34.688;35.72;37.646;39.058;36.079;38.284;40.739;37.658;38.599;38.973
45807;34.737;35.72;37.67;39.235;36.287;38.322;40.742;37.679;38.62;39.296
45835;34.739;35.748;37.821;39.33;36.326;38.367;40.876;37.762;38.739;39.32
46101;34.793;35.939;37.84;39.435;36.375;38.422;41.008;37.808;38.829;39.48
46135;34.86;35.964;37.854;39.525;36.476;38.435;41.012;37.923;38.855;39.684
46146;34.886;36.104;37.909;39.626;36.804;38.48;41.111;37.964;39.018;39.862
46265;34.953;36.287;38.252;39.835;36.903;38.591;41.391;38.122;39.033;40.197
46378;35.058;36.377;38.399;39.985;36.904;38.717;41.426;38.309;39.092;40.302
46412;35.096;36.48;38.439;40.033;36.956;38.749;41.439;38.375;39.242;40.331
46659;35.242;36.504;38.487;40.091;37.168;38.783;41.454;38.421;39.29;40.503
46920;35.326;36.716;38.497;40.235;37.241;38.829;41.593;38.437;39.303;40.742
47028;35.398;36.786;38.654;40.287;37.416;39.136;41.86;38.495;39.334;41.122
47194;35.433;36.819;39.226;40.445;37.434;39.186;41.887;38.594;39.361;41.249
47230;35.449;36.82;39.262;40.529;37.452;39.297;41.919;38.902;39.596;41.538
47394;35.554;36.999;39.27;40.625;37.498;39.353;41.943;38.977;39.672;41.751
47662;35.731;37.159;39.296;40.668;37.764;39.359;41.958;39.103;39.694;41.76
47811;35.864;37.319;39.622;40.677;37.794;39.438;42.069;39.241;39.71;41.847
47813;35.972;37.329;39.677;40.68;37.834;39.521;42.324;39.412;39.732;41.907
47926;36.088;37.457;39.744;40.85;37.992;39.611;42.581;39.498;39.83;42.091
47990;36.141;37.557;39.883;40.943;38.045;39.842;42.674;39.518;39.873;42.096
48578;36.193;37.709;39.963;40.987;38.23;39.966;42.829;39.531;40.044;42.113
49033;36.2;38.054;40.104;41.021;38.337;39.971;43.129;39.551;40.129;42.15
49129;36.512;38.15;40.106;41.145;38.365;40.013;43.211;39.586;40.276;42.268
49134;36.592;38.268;40.47;41.146;38.497;40.07;43.239;39.614;40.285;42.42
49194;36.918;38.545;40.566;41.164;38.855;40.178;43.383;39.723;40.295;42.648
49245;36.948;38.696;40.585;41.336;39.009;40.2;43.565;39.764;40.357;42.698
49652;37.35;38.711;40.596;41.347;39.04;40.231;43.678;39.784;40.406;42.803
49750;37.385;38.906;40.629;41.38;39.096;40.302;43.768;39.792;40.489;42.887
49767;37.421;38.956;40.709;41.409;39.218;40.321;43.984;39.944;40.566;42.921
50061;37.68;39.02;40.984;41.411;39.343;40.367;44.075;40.072;40.645;43.016
50269;37.713;39.173;40.992;41.484;39.371;40.404;44.145;40.189;41.005;43.056
50438;37.717;39.177;41.27;41.581;39.693;40.629;44.185;40.198;41.011;43.224
50439;37.765;39.185;41.467;41.699;39.697;40.715;44.273;40.204;41.129;43.246
50457;37.882;39.199;41.517;41.802;39.912;40.834;44.373;40.362;41.164;43.253
50758;38.079;39.219;41.528;41.808;39.931;40.845;44.382;40.858;41.199;43.328
51169;38.103;39.503;41.558;41.815;40.203;40.852;44.575;40.881;41.381;43.372
51177;38.126;39.575;41.56;41.863;40.297;40.858;44.622;40.935;41.433;43.388
51249;38.137;39.614;41.866;41.941;40.428;40.866;44.7;41.221;41.662;43.441
51334;38.309;39.72;41.92;41.962;40.585;40.871;44.78;41.365;41.677;43.493
52089;38.321;39.746;41.947;42.327;40.885;41.144;44.994;41.49;41.738;43.567
52350;38.346;39.854;41.955;42.329;40.887;41.161;45.046;41.581;41.801;43.954
52385;38.448;39.891;42.072;42.419;40.972;41.169;45.066;41.66;41.936;44.171
52783;38.562;40.293;42.443;42.515;40.984;41.196;45.097;41.686;42.04;44.267
53059;38.803;40.35;42.498;42.601;40.985;41.202;45.196;41.908;42.133;44.304
53189;38.839;40.384;42.558;42.745;41.083;41.223;45.249;41.938;42.144;44.35
53571;38.857;40.42;42.749;42.774;41.232;41.342;45.3;41.961;42.271;44.354
53677;38.981;40.424;42.856;42.874;41.296;41.517;45.485;42.188;42.429;44.391
53692;39.074;40.576;42.905;43.243;41.393;41.603;45.518;42.252;42.459;44.606
53743;39.151;40.59;43.024;43.49;41.593;41.716;45.596;42.402;42.47;44.694
54011;39.329;40.725;43.044;43.541;42;41.763;45.676;42.642;42.514;44.733
54022;39.345;40.783;43.424;43.579;42.17;41.772;45.735;42.652;42.544;44.746
54051;39.529;41.081;43.505;43.592;42.194;42.014;45.946;42.744;42.632;44.762
54193;39.62;41.095;43.635;43.733;42.204;42.106;46.141;42.952;42.657;44.81
54200;39.799;41.155;43.915;43.812;42.206;42.133;46.164;43.112;42.757;44.834
54224;39.808;41.242;43.93;43.819;42.207;42.176;46.382;43.131;42.823;44.848
54401;40.229;41.308;44.071;43.919;42.385;42.264;46.446;43.279;42.951;44.993
54479;40.285;41.344;44.24;43.928;42.523;42.327;46.464;43.351;43.051;45.015
54703;40.416;41.362;44.26;44.067;42.537;42.426;46.499;43.358;43.055;45.037
54927;40.483;41.508;44.379;44.131;42.7;42.458;47.019;43.418;43.068;45.038
54937;40.497;41.511;44.4;44.182;42.717;42.463;47.035;43.441;43.148;45.075
54999;40.626;41.586;44.551;44.243;42.772;42.479;47.159;43.603;43.157;45.1
55021;40.657;41.684;44.613;44.69;42.823;42.556;47.194;43.703;43.16;45.323
55055;40.696;41.819;44.642;44.69;42.858;42.556;47.195;43.937;43.169;45.45
55082;40.765;41.918;44.782;44.97;42.925;42.624;47.198;43.975;43.314;45.51
55196;40.798;41.947;44.974;44.97;43.261;42.666;47.329;43.996;43.395;45.724
55255;40.893;42.11;44.978;45.179;43.375;42.695;47.381;44.013;43.428;45.778
55262;40.915;42.165;45;45.233;43.524;42.953;47.492;44.048;43.488;45.878
55302;41.008;42.205;45.03;45.372;43.607;43.054;47.564;44.144;43.591;45.955
55349;41.016;42.224;45.078;45.382;43.642;43.095;47.579;44.158;43.629;45.975
55519;41.028;42.413;45.198;45.502;43.659;43.128;47.724;44.162;43.717;46.016
55531;41.17;42.423;45.235;45.591;43.739;43.256;47.737;44.421;43.722;46.083
55567;41.181;42.444;45.443;45.626;43.79;43.336;47.786;44.524;43.725;46.156
55628;41.271;42.464;45.5;45.642;43.796;43.411;47.915;44.736;43.927;46.39
55868;41.577;42.635;45.52;45.765;43.844;43.43;47.945;44.744;43.98;46.403
55886;41.655;42.636;45.614;46.041;44.023;43.499;47.997;44.762;44.337;46.584
55941;41.665;42.699;45.725;46.118;44.043;43.532;48.059;44.906;44.628;46.625
56118;41.989;42.708;45.729;46.186;44.267;43.541;48.106;44.908;44.681;46.637
56183;42.02;42.714;45.753;46.435;44.311;43.598;48.124;44.918;44.699;46.995
56271;42.152;42.789;45.772;46.6;44.344;43.679;48.178;44.948;44.724;47.004
56302;42.2;42.823;45.819;46.642;44.669;43.784;48.201;45.02;44.869;47.1
56307;42.273;43.072;45.997;46.744;44.689;43.961;48.433;45.091;44.973;47.175
56379;42.337;43.4;46.129;46.87;44.75;43.976;48.537;45.123;44.981;47.201
56505;42.474;43.508;46.153;46.873;44.901;43.98;48.587;45.21;45.13;47.247
56643;42.725;43.654;46.299;46.921;44.931;44.272;48.691;45.343;45.151;47.747
56741;43.012;43.854;46.476;46.999;45.067;44.339;48.859;45.383;45.204;47.798
56747;43.058;43.92;46.611;47.119;45.103;44.452;49.18;45.425;45.297;47.826
56773;43.141;43.944;46.672;47.228;45.313;44.478;49.192;45.462;45.328;47.892
56940;43.229;43.977;46.849;47.637;45.371;44.535;49.335;45.481;45.53;47.93
57026;43.232;44.072;47.07;47.699;45.415;44.558;49.352;45.485;45.6;48.135
57052;43.236;44.094;47.106;47.709;45.439;44.611;49.393;45.49;45.66;48.14
57106;43.367;44.147;47.168;47.712;45.583;44.721;49.518;45.728;45.879;48.167
57253;43.375;44.168;47.316;47.716;45.733;44.907;49.578;45.737;45.88;48.172
57260;43.429;44.324;47.516;47.755;45.79;44.943;49.602;45.757;45.941;48.311
57408;43.626;44.521;47.704;47.788;45.803;44.973;49.722;45.915;45.96;48.331
57502;43.647;44.628;47.747;47.914;45.873;45.003;49.771;45.967;46.25;48.351
57547;43.679;44.769;47.851;48.011;45.903;45.034;49.81;46.168;46.31;48.38
57548;43.687;44.907;47.92;48.033;46.264;45.516;49.813;46.227;46.468;48.455
57560;43.729;44.999;48.014;48.248;46.637;45.544;49.838;46.229;46.518;48.461
57669;43.757;45.116;48.089;48.718;47.052;45.549;49.892;46.292;46.747;48.548
58119;43.77;45.126;48.16;48.868;47.245;45.739;49.989;46.299;46.792;48.788
58227;44.051;45.131;48.168;49.077;47.473;45.848;50.092;46.373;46.803;48.836
58409;44.122;45.16;48.31;49.224;47.503;45.927;50.315;46.522;46.859;48.882
58452;44.254;45.182;48.505;49.319;47.758;46.206;50.489;46.527;46.927;49.034
58476;44.407;45.252;48.696;49.32;47.772;46.217;50.548;46.538;47.068;49.12
58562;44.474;45.394;48.747;49.386;47.782;46.287;50.787;46.623;47.07;49.145
58646;44.59;45.468;48.764;49.463;47.784;46.431;50.829;46.803;47.095;49.285
58776;44.616;45.514;48.859;49.478;47.931;46.487;50.833;46.923;47.204;49.289
58941;44.705;45.602;49.082;49.579;48.152;46.51;50.933;47.168;47.247;49.313
59171;44.76;45.64;49.116;49.652;48.316;46.567;51.089;47.18;47.281;49.338
59548;44.859;45.661;49.306;49.673;48.401;46.615;51.122;47.385;47.369;49.379
59573;44.994;45.686;49.412;49.766;48.447;46.662;51.383;47.42;47.449;49.453
59647;45.016;45.998;49.528;49.808;48.526;46.972;51.572;47.43;47.532;49.604
59748;45.382;46.245;49.562;49.851;48.557;46.977;51.88;47.569;47.564;49.686
60074;45.567;46.266;49.704;50.035;48.585;47.07;51.888;47.736;47.816;49.761
60447;45.886;46.328;49.959;50.038;48.636;47.119;52.018;47.817;47.863;49.781
60506;46.058;46.458;50.027;50.06;48.677;47.138;52.035;47.824;47.995;49.781
60554;46.159;46.478;50.221;50.082;48.793;47.143;52.088;47.938;48.065;49.792
60692;46.211;46.723;50.256;50.34;49.058;47.164;52.115;48.014;48.382;49.833
60924;46.287;46.731;50.653;50.581;49.315;47.368;52.117;48.418;48.475;49.836
60957;46.586;46.834;50.818;50.662;49.548;47.383;52.125;48.434;48.662;49.878
61020;46.622;46.917;50.933;50.68;49.839;47.497;52.202;48.522;48.758;49.95
61081;46.627;46.976;50.976;50.831;49.907;47.515;52.278;48.523;48.884;49.972
61141;46.753;47.006;51.019;50.878;49.998;47.615;52.285;48.708;48.915;50.018
61198;46.829;47.051;51.055;51.139;50.223;47.661;52.298;49.011;48.925;50.073
61272;46.939;47.152;51.126;51.303;50.244;48.073;52.331;49.271;49.04;50.103
61368;46.996;47.176;51.247;51.325;50.321;48.171;52.373;49.377;49.182;50.132
61553;47.187;47.419;51.533;51.358;50.394;48.489;52.514;49.487;49.189;50.151
61752;47.262;47.464;51.626;51.385;50.429;48.668;52.581;49.509;49.275;50.414
61771;47.277;47.479;51.679;51.393;50.813;48.742;52.67;49.569;49.302;50.563
61794;47.305;47.578;51.77;51.593;51.181;48.849;52.72;49.698;49.695;50.644
62000;47.454;47.732;52.143;51.694;51.302;48.861;52.772;49.938;49.822;50.678